#Layer_Color=32768
#
#Feature symbol names
#
$0 r1.9685
$1 r3.937
$2 r2
$3 r6
$4 r7.874

#
#Feature attribute names
#

#
#Layer features
#
A -0.0220276 0.67 -0.0220276 0.67 -0.03 0.67 0 P 0 N
A -0.0434676 0.18734 -0.0434676 0.18734 -0.05144 0.18734 0 P 0 N
A -0.0434676 0.22288 -0.0434676 0.22288 -0.05144 0.22288 0 P 0 N
A -0.0537776 0.37 -0.0537776 0.37 -0.06175 0.37 0 P 0 N
A -0.0890276 0.58 -0.0890276 0.58 -0.097 0.58 0 P 0 N
A -0.0893176 0.37 -0.0893176 0.37 -0.09729 0.37 0 P 0 N
A 0.0379824 0.435005 0.0379824 0.435005 0.03001 0.435005 0 P 0 N
A 0.0579724 0.67 0.0579724 0.67 0.05 0.67 0 P 0 N
A 0.0694824 0.159315 0.0694824 0.159315 0.06151 0.159315 0 P 0 N
A 0.0979724 0.59 0.0979724 0.59 0.09 0.59 0 P 0 N
A 0.1729774 0.16 0.1729774 0.16 0.165005 0.16 0 P 0 N
A 0.4979724 -0.149995 0.4979724 -0.149995 0.49 -0.149995 0 P 0 N
A 0.4979724 0.2 0.4979724 0.2 0.49 0.2 0 P 0 N
A 0.5179724 -0.029995 0.5179724 -0.029995 0.51 -0.029995 0 P 0 N
A 0.5579724 -0.030005 0.5579724 -0.030005 0.55 -0.030005 0 P 0 N
A 0.5929724 0.685 0.5929724 0.685 0.585 0.685 0 P 0 N
L -0.0087402 0.6365354 -0.0087402 0.7034646 0 P 0
L -0.013 0.652 -0.013 0.698 3 P 0
L -0.013 0.652 0.033 0.652 3 P 0
L -0.013 0.698 0.033 0.698 3 P 0
L -0.0179754 0.1660802 -0.0179754 0.2085998 0 P 0
L -0.0179754 0.2016202 -0.0179754 0.2441398 0 P 0
L -0.0204331 0.73 -0.0204331 0.7693701 0 P 0
L -0.0204331 0.73 0.0858662 0.73 0 P 0
L -0.0204331 0.8402362 -0.0204331 0.9091339 0 P 0
L -0.0204331 0.9091339 0.6370473 0.9091339 0 P 0
L -0.03 0.6593701 -0.03 0.6806299 0 P 0
L -0.0302756 0.7693701 -0.0204331 0.7693701 0 P 0
L -0.0302756 0.7693701 -0.0302756 0.8402362 0 P 0
L -0.0302756 0.8402362 -0.0204331 0.8402362 0 P 0
L -0.0404902 0.3365354 -0.0404902 0.4034646 0 P 0
L -0.0406299 0.67 -0.0193701 0.67 0 P 0
L -0.05 0.425315 -0.05 0.464685 1 P 0
L -0.0512598 0.6365354 -0.0087402 0.6365354 0 P 0
L -0.0512598 0.6365354 -0.0512598 0.7034646 0 P 0
L -0.0512598 0.7034646 -0.0087402 0.7034646 0 P 0
L -0.05144 0.1767101 -0.05144 0.1979699 0 P 0
L -0.05144 0.2122501 -0.05144 0.2335099 0 P 0
L -0.0525273 -0.4182126 -0.0525273 -0.3197874 0 P 0
L -0.0525273 0.7628074 -0.0525273 0.8612326 0 P 0
L -0.06175 0.3593701 -0.06175 0.3806299 0 P 0
L -0.0620699 0.18734 -0.0408101 0.18734 0 P 0
L -0.0620699 0.22288 -0.0408101 0.22288 0 P 0
L -0.0629921 0.5486614 -0.0629921 0.6313386 0 P 0
L -0.0629921 0.5486614 0.0629921 0.5486614 0 P 0
L -0.0629921 0.6313386 0.0629921 0.6313386 0 P 0
L -0.069685 0.445 -0.030315 0.445 1 P 0
L -0.0723799 0.37 -0.0511201 0.37 0 P 0
L -0.0757402 0.5465354 -0.0757402 0.6134646 0 P 0
L -0.0760302 0.3365354 -0.0760302 0.4034646 0 P 0
L -0.077745 0.249096 -0.077745 0.3042141 0 P 0
L -0.0830098 0.3365354 -0.0404902 0.3365354 0 P 0
L -0.0830098 0.3365354 -0.0830098 0.4034646 0 P 0
L -0.0830098 0.4034646 -0.0404902 0.4034646 0 P 0
L -0.0849046 0.1660802 -0.0179754 0.1660802 0 P 0
L -0.0849046 0.1660802 -0.0849046 0.2085998 0 P 0
L -0.0849046 0.2016202 -0.0179754 0.2016202 0 P 0
L -0.0849046 0.2016202 -0.0849046 0.2441398 0 P 0
L -0.0849046 0.2085998 -0.0179754 0.2085998 0 P 0
L -0.0849046 0.2441398 -0.0179754 0.2441398 0 P 0
L -0.0912539 0.1204619 -0.0912539 0.2306981 4 P 0
L -0.0912539 0.1204619 -0.0912539 0.2306981 4 P 0
L -0.097 0.5693701 -0.097 0.5906299 0 P 0
L -0.09729 0.3593701 -0.09729 0.3806299 0 P 0
L -0.102745 0.25697 -0.102745 0.2963401 1 P 0
L -0.1051181 0.4135039 -0.1051181 0.4764961 4 P 0
L -0.1051181 0.4135039 -0.1051181 0.4764961 4 P 0
L -0.1051181 0.4135039 0.0051181 0.4135039 4 P 0
L -0.1051181 0.4135039 0.0051181 0.4135039 4 P 0
L -0.1051181 0.4764961 0.0051181 0.4764961 4 P 0
L -0.1051181 0.4764961 0.0051181 0.4764961 4 P 0
L -0.1076299 0.58 -0.0863701 0.58 0 P 0
L -0.1079199 0.37 -0.0866601 0.37 0 P 0
L -0.1182598 0.5465354 -0.0757402 0.5465354 0 P 0
L -0.1182598 0.5465354 -0.1182598 0.6134646 0 P 0
L -0.1182598 0.6134646 -0.0757402 0.6134646 0 P 0
L -0.1185498 0.3365354 -0.0760302 0.3365354 0 P 0
L -0.1185498 0.3365354 -0.1185498 0.4034646 0 P 0
L -0.1185498 0.4034646 -0.0760302 0.4034646 0 P 0
L -0.1224301 0.2766551 -0.08306 0.2766551 1 P 0
L -0.12275 0.155895 -0.12275 0.195265 1 P 0
L -0.127745 0.249096 -0.077745 0.249096 0 P 0
L -0.127745 0.249096 -0.127745 0.3042141 0 P 0
L -0.127745 0.3042141 -0.077745 0.3042141 0 P 0
L -0.129505 0.624505 -0.129505 0.675505 3 P 0
L -0.142435 0.17558 -0.103065 0.17558 1 P 0
L -0.1542461 0.1204619 -0.0912539 0.1204619 4 P 0
L -0.1542461 0.1204619 -0.0912539 0.1204619 4 P 0
L -0.1542461 0.1204619 -0.1542461 0.2306981 4 P 0
L -0.1542461 0.1204619 -0.1542461 0.2306981 4 P 0
L -0.1542461 0.2306981 -0.0912539 0.2306981 4 P 0
L -0.1542461 0.2306981 -0.0912539 0.2306981 4 P 0
L -0.177652 0.0889756 -0.177652 0.4984244 0 P 0
L -0.180505 0.624505 -0.129505 0.624505 3 P 0
L -0.180505 0.624505 -0.180505 0.675505 3 P 0
L -0.180505 0.675505 -0.129505 0.675505 3 P 0
L -0.2296927 -0.3197874 -0.0525273 -0.3197874 0 P 0
L -0.2296927 -0.4182126 -0.0525273 -0.4182126 0 P 0
L -0.2296927 -0.4182126 -0.2296927 -0.3197874 0 P 0
L -0.2296927 0.7628074 -0.0525273 0.7628074 0 P 0
L -0.2296927 0.7628074 -0.2296927 0.8612326 0 P 0
L -0.2296927 0.8612326 -0.0525273 0.8612326 0 P 0
L -0.255 0.645 -0.255 0.765 0 P 0
L -0.475 0.645 -0.255 0.645 0 P 0
L -0.475 0.645 -0.475 0.765 0 P 0
L -0.475 0.765 -0.255 0.765 0 P 0
L -0.5319827 0.0889756 -0.177652 0.0889756 0 P 0
L -0.5319827 0.0889756 -0.5319827 0.4984244 0 P 0
L -0.5319827 0.4984244 -0.177652 0.4984244 0 P 0
L 0.0051181 0.4135039 0.0051181 0.4764961 4 P 0
L 0.0051181 0.4135039 0.0051181 0.4764961 4 P 0
L 0.0063929 0.1964578 0.0063929 0.4011822 0 P 0
L 0.0063929 0.1964578 0.1323771 0.1964578 0 P 0
L 0.0063929 0.4011822 0.1323771 0.4011822 0 P 0
L 0.0087502 0.4015404 0.0087502 0.4684696 0 P 0
L 0.0087502 0.4015404 0.0512698 0.4015404 0 P 0
L 0.0087502 0.4684696 0.0512698 0.4684696 0 P 0
L 0.0193801 0.435005 0.0406399 0.435005 0 P 0
L 0.0287402 0.6365354 0.0287402 0.7034646 0 P 0
L 0.0287402 0.6365354 0.0712598 0.6365354 0 P 0
L 0.0287402 0.7034646 0.0712598 0.7034646 0 P 0
L 0.03001 0.4243751 0.03001 0.4456349 0 P 0
L 0.033 0.652 0.033 0.698 3 P 0
L 0.0393701 0.67 0.0606299 0.67 0 P 0
L 0.0402502 0.1258504 0.0402502 0.1927796 0 P 0
L 0.0402502 0.1258504 0.0827698 0.1258504 0 P 0
L 0.0402502 0.1927796 0.0827698 0.1927796 0 P 0
L 0.05 0.6593701 0.05 0.6806299 0 P 0
L 0.0508801 0.159315 0.0721399 0.159315 0 P 0
L 0.0512698 0.4015404 0.0512698 0.4684696 0 P 0
L 0.06151 0.1486851 0.06151 0.1699449 0 P 0
L 0.0629921 0.5486614 0.0629921 0.6313386 0 P 0
L 0.0687402 0.5565354 0.0687402 0.6234646 0 P 0
L 0.0687402 0.5565354 0.1112598 0.5565354 0 P 0
L 0.0687402 0.6234646 0.1112598 0.6234646 0 P 0
L 0.0712598 0.6365354 0.0712598 0.7034646 0 P 0
L 0.0793701 0.59 0.1006299 0.59 0 P 0
L 0.0827698 0.1258504 0.0827698 0.1927796 0 P 0
L 0.0858662 0.7004724 0.0858662 0.73 0 P 0
L 0.0858662 0.7004724 0.530748 0.7004724 0 P 0
L 0.09 0.5793701 0.09 0.6006299 0 P 0
L 0.1112598 0.5565354 0.1112598 0.6234646 0 P 0
L 0.1323771 0.1964578 0.1323771 0.4011822 0 P 0
L 0.1437452 0.1265354 0.1437452 0.1934646 0 P 0
L 0.1437452 0.1265354 0.1862648 0.1265354 0 P 0
L 0.1437452 0.1934646 0.1862648 0.1934646 0 P 0
L 0.1543751 0.16 0.1756349 0.16 0 P 0
L 0.165005 0.1493701 0.165005 0.1706299 0 P 0
L 0.1862648 0.1265354 0.1862648 0.1934646 0 P 0
L 0.2165748 0.0511024 0.2165748 0.1888976 0 P 0
L 0.2165748 0.0511024 0.4634252 0.0511024 0 P 0
L 0.2165748 0.1888976 0.4634252 0.1888976 0 P 0
L 0.3077559 -0.1144094 0.4422441 -0.1144094 0 P 0
L 0.3077559 -0.2055906 0.3077559 -0.1144094 0 P 0
L 0.3077559 -0.2055906 0.4422441 -0.2055906 0 P 0
L 0.33 -0.022 0.38 -0.022 2 P 0
L 0.33 -0.118 0.33 -0.022 2 P 0
L 0.33 -0.118 0.38 -0.118 2 P 0
L 0.38 -0.118 0.38 -0.022 2 P 0
L 0.382 -0.01 0.382 0.04 2 P 0
L 0.382 -0.01 0.478 -0.01 2 P 0
L 0.382 0.04 0.478 0.04 2 P 0
L 0.4056299 -0.0167717 0.4843701 -0.0167717 0 P 0
L 0.4056299 -0.1132283 0.4056299 -0.0167717 0 P 0
L 0.4056299 -0.1132283 0.4843701 -0.1132283 0 P 0
L 0.4422441 -0.2055906 0.4422441 -0.1144094 0 P 0
L 0.4565354 0.1787402 0.4565354 0.2212598 0 P 0
L 0.4565354 0.1787402 0.5234646 0.1787402 0 P 0
L 0.4565354 0.2212598 0.5234646 0.2212598 0 P 0
L 0.4634252 0.0511024 0.4634252 0.1888976 0 P 0
L 0.4687402 -0.1165304 0.5112598 -0.1165304 0 P 0
L 0.4687402 -0.1834596 0.4687402 -0.1165304 0 P 0
L 0.4687402 -0.1834596 0.5112598 -0.1834596 0 P 0
L 0.478 -0.01 0.478 0.04 2 P 0
L 0.4793701 -0.149995 0.5006299 -0.149995 0 P 0
L 0.4793701 0.2 0.5006299 0.2 0 P 0
L 0.4843701 -0.1132283 0.4843701 -0.0167717 0 P 0
L 0.4887402 -0.0634596 0.4887402 0.0034696 0 P 0
L 0.4887402 -0.0634596 0.5312598 -0.0634596 0 P 0
L 0.4887402 0.0034696 0.5312598 0.0034696 0 P 0
L 0.49 -0.1606249 0.49 -0.1393651 0 P 0
L 0.49 0.1893701 0.49 0.2106299 0 P 0
L 0.4993701 -0.029995 0.5206299 -0.029995 0 P 0
L 0.51 -0.0406249 0.51 -0.0193651 0 P 0
L 0.5112598 -0.1834596 0.5112598 -0.1165304 0 P 0
L 0.5234646 0.1787402 0.5234646 0.2212598 0 P 0
L 0.5287402 -0.0634696 0.5287402 0.0034596 0 P 0
L 0.5287402 -0.0634696 0.5712598 -0.0634696 0 P 0
L 0.5287402 0.0034596 0.5712598 0.0034596 0 P 0
L 0.5288139 0.0766879 0.5288139 0.1633021 1 P 0
L 0.5288139 0.0766879 0.6311761 0.0766879 1 P 0
L 0.5288139 0.1633021 0.6311761 0.1633021 1 P 0
L 0.530748 0.7004724 0.530748 0.73 0 P 0
L 0.530748 0.73 0.6370473 0.73 0 P 0
L 0.5312598 -0.0634596 0.5312598 0.0034696 0 P 0
L 0.5393701 -0.030005 0.5606299 -0.030005 0 P 0
L 0.55 -0.0406349 0.55 -0.0193751 0 P 0
L 0.5637402 0.6515354 0.5637402 0.7184646 0 P 0
L 0.5637402 0.6515354 0.6062598 0.6515354 0 P 0
L 0.5637402 0.7184646 0.6062598 0.7184646 0 P 0
L 0.5712598 -0.0634696 0.5712598 0.0034596 0 P 0
L 0.5743701 0.685 0.5956299 0.685 0 P 0
L 0.585 0.6743701 0.585 0.6956299 0 P 0
L 0.6062598 0.6515354 0.6062598 0.7184646 0 P 0
L 0.6311761 0.0766879 0.6311761 0.1633021 1 P 0
L 0.6370473 0.73 0.6370473 0.7693701 0 P 0
L 0.6370473 0.7693701 0.6468898 0.7693701 0 P 0
L 0.6370473 0.8402362 0.6370473 0.9091339 0 P 0
L 0.6370473 0.8402362 0.6468898 0.8402362 0 P 0
L 0.6468898 0.7693701 0.6468898 0.8402362 0 P 0
L 0.9514173 -0.3197874 1.1285827 -0.3197874 0 P 0
L 0.9514173 -0.4182126 0.9514173 -0.3197874 0 P 0
L 0.9514173 -0.4182126 1.1285827 -0.4182126 0 P 0
L 0.9514173 0.7628074 0.9514173 0.8612326 0 P 0
L 0.9514173 0.7628074 1.1285827 0.7628074 0 P 0
L 0.9514173 0.8612326 1.1285827 0.8612326 0 P 0
L 1.0008268 -0.2747638 1.0008268 0.0047638 1 P 0
L 1.0008268 -0.2747638 1.2291732 -0.2747638 1 P 0
L 1.0008268 0.0047638 1.2291732 0.0047638 1 P 0
L 1.0008268 0.0052362 1.0008268 0.2847638 1 P 0
L 1.0008268 0.0052362 1.2291732 0.0052362 1 P 0
L 1.0008268 0.2847638 1.2291732 0.2847638 1 P 0
L 1.0689552 0.3054849 1.0689552 0.344855 1 P 0
L 1.0689552 0.3054849 1.1614748 0.3054849 1 P 0
L 1.0689552 0.344855 1.1614748 0.344855 1 P 0
L 1.0689552 0.4353248 1.0689553 0.4746948 1 P 0
L 1.0689552 0.4353248 1.1614749 0.4353248 1 P 0
L 1.0689553 0.4746948 1.1614748 0.4746949 1 P 0
L 1.0692652 0.3703249 1.0692652 0.409695 1 P 0
L 1.0692652 0.3703249 1.1617848 0.3703249 1 P 0
L 1.0692652 0.409695 1.1617848 0.409695 1 P 0
L 1.0698951 0.500325 1.0698952 0.539695 1 P 0
L 1.0698951 0.500325 1.1624148 0.500325 1 P 0
L 1.0698952 0.539695 1.1624147 0.5396949 1 P 0
L 1.0974983 0.4550099 1.1329316 0.4550099 1 P 0
L 1.0974984 0.32517 1.1329316 0.32517 1 P 0
L 1.0978084 0.39001 1.1332416 0.39001 1 P 0
L 1.0984384 0.52001 1.1338716 0.52001 1 P 0
L 1.115215 0.3074534 1.115215 0.3428866 1 P 0
L 1.115215 0.4372933 1.115215 0.4727265 1 P 0
L 1.115525 0.3722934 1.115525 0.4077266 1 P 0
L 1.116155 0.5022934 1.116155 0.5377266 1 P 0
L 1.1285827 -0.4182126 1.1285827 -0.3197874 0 P 0
L 1.1285827 0.7628074 1.1285827 0.8612326 0 P 0
L 1.1614748 0.3054849 1.1614748 0.344855 1 P 0
L 1.1614748 0.4746949 1.1614749 0.4353248 1 P 0
L 1.1617848 0.3703249 1.1617848 0.409695 1 P 0
L 1.1624147 0.5396949 1.1624148 0.500325 1 P 0
L 1.2291732 -0.2747638 1.2291732 0.0047638 1 P 0
L 1.2291732 0.0052362 1.2291732 0.2847638 1 P 0
