#Layer_Color=32768
#
#Feature symbol names
#
$0 r1.9685
$1 r6
$2 r3.937
$3 r7.874
$4 r2

#
#Feature attribute names
#

#
#Layer features
#
A 0.2329724 0.454 0.2329724 0.454 0.225 0.454 0 P 0 N
A 0.3022655 1.4027325 0.3022655 1.4027325 0.2942931 1.4027325 0 P 0 N
A 0.4029724 0.4481102 0.4029724 0.4481102 0.395 0.4481102 0 P 0 N
A 0.4085755 1.5521825 0.4085755 1.5521825 0.4006031 1.5521825 0 P 0 N
A 0.4085755 1.5877225 0.4085755 1.5877225 0.4006031 1.5877225 0 P 0 N
A 0.4085755 1.7147325 0.4085755 1.7147325 0.4006031 1.7147325 0 P 0 N
A 0.4085755 1.7502725 0.4085755 1.7502725 0.4006031 1.7502725 0 P 0 N
A 0.5442455 1.7957775 0.5442455 1.7957775 0.5362731 1.7957775 0 P 0 N
A 0.5765255 1.5191575 0.5765255 1.5191575 0.5685531 1.5191575 0 P 0 N
A 0.6229674 1.2781052 0.6229674 1.2781052 0.614995 1.2781052 0 P 0 N
A 0.6429773 1.2231102 0.6429773 1.2231102 0.6350049 1.2231102 0 P 0 N
A 0.6429774 1.0381102 0.6429774 1.0381102 0.635005 1.0381102 0 P 0 N
A 0.6641355 1.7957675 0.6641355 1.7957675 0.6561631 1.7957675 0 P 0 N
A 0.6691355 1.5584375 0.6691355 1.5584375 0.6611631 1.5584375 0 P 0 N
A 0.7203655 1.6662125 0.7203655 1.6662125 0.7123931 1.6662125 0 P 0 N
A 0.7512904 1.0392225 0.7512904 1.0392225 0.743318 1.0392225 0 P 0 N
A 0.7532505 1.2238925 0.7532505 1.2238925 0.7452781 1.2238925 0 P 0 N
A 0.7573655 1.6662125 0.7573655 1.6662125 0.7493931 1.6662125 0 P 0 N
A 1.3429674 1.9981102 1.3429674 1.9981102 1.334995 1.9981102 0 P 0 N
A 1.3429724 2.0781102 1.3429724 2.0781102 1.335 2.0781102 0 P 0 N
A 1.4079724 2.1231052 1.4079724 2.1231052 1.4 2.1231052 0 P 0 N
A 1.5079674 2.0681102 1.5079674 2.0681102 1.499995 2.0681102 0 P 0 N
A 1.5079674 2.1081002 1.5079674 2.1081002 1.499995 2.1081002 0 P 0 N
A 1.6379624 2.1881051 1.6379624 2.1881051 1.62999 2.1881051 0 P 0 N
A 1.7102955 0.6598375 1.7102955 0.6598375 1.7023231 0.6598375 0 P 0 N
A 1.8202555 0.6598375 1.8202555 0.6598375 1.8122831 0.6598375 0 P 0 N
A 1.9327755 0.6598375 1.9327755 0.6598375 1.9248031 0.6598375 0 P 0 N
A 2.2038955 1.3256325 2.2038955 1.3256325 2.1959231 1.3256325 0 P 0 N
A 2.2279724 0.6781052 2.2279724 0.6781052 2.22 0.6781052 0 P 0 N
A 2.2281905 0.9567825 2.2281905 0.9567825 2.2202181 0.9567825 0 P 0 N
A 2.2281905 1.0552125 2.2281905 1.0552125 2.2202181 1.0552125 0 P 0 N
A 2.2281905 1.1536325 2.2281905 1.1536325 2.2202181 1.1536325 0 P 0 N
A 2.2281905 1.2520425 2.2281905 1.2520425 2.2202181 1.2520425 0 P 0 N
A 2.2873055 0.5898425 2.2873055 0.5898425 2.2793331 0.5898425 0 P 0 N
A 2.2879555 0.7188925 2.2879555 0.7188925 2.2799831 0.7188925 0 P 0 N
A 2.3238955 1.5506325 2.3238955 1.5506325 2.3159231 1.5506325 0 P 0 N
A 2.3679724 1.2431252 2.3679724 1.2431252 2.36 1.2431252 0 P 0 N
A 2.3688955 1.3306325 2.3688955 1.3306325 2.3609231 1.3306325 0 P 0 N
A 2.3688955 1.4206375 2.3688955 1.4206375 2.3609231 1.4206375 0 P 0 N
A 2.3688955 1.5506325 2.3688955 1.5506325 2.3609231 1.5506325 0 P 0 N
A 2.3688955 1.6306325 2.3688955 1.6306325 2.3609231 1.6306325 0 P 0 N
A 2.3688955 1.7087025 2.3688955 1.7087025 2.3609231 1.7087025 0 P 0 N
A 2.4568555 0.9406325 2.4568555 0.9406325 2.4488831 0.9406325 0 P 0 N
A 2.5287855 0.9406325 2.5287855 0.9406325 2.5208131 0.9406325 0 P 0 N
A 2.6179724 0.9681052 2.6179724 0.9681052 2.61 0.9681052 0 P 0 N
A 2.6179724 1.0081052 2.6179724 1.0081052 2.61 1.0081052 0 P 0 N
A 2.6238955 1.1706325 2.6238955 1.1706325 2.6159231 1.1706325 0 P 0 N
A 2.6238955 1.2106325 2.6238955 1.2106325 2.6159231 1.2106325 0 P 0 N
A 2.6239005 1.1206325 2.6239005 1.1206325 2.6159281 1.1206325 0 P 0 N
A 2.6488955 1.8356325 2.6488955 1.8356325 2.6409231 1.8356325 0 P 0 N
A 2.7129755 0.9691075 2.7129755 0.9691075 2.7050031 0.9691075 0 P 0 N
A 2.7388955 1.1706325 2.7388955 1.1706325 2.7309231 1.1706325 0 P 0 N
A 2.7388955 1.2106325 2.7388955 1.2106325 2.7309231 1.2106325 0 P 0 N
A 2.7389005 1.1206325 2.7389005 1.1206325 2.7309281 1.1206325 0 P 0 N
A 2.7729775 0.7781102 2.7729775 0.7781102 2.7650051 0.7781102 0 P 0 N
A 2.7782755 1.8356325 2.7782755 1.8356325 2.7703031 1.8356325 0 P 0 N
A 2.7899755 0.9391125 2.7899755 0.9391125 2.7820031 0.9391125 0 P 0 N
A 2.7979755 1.1931125 2.7979755 1.1931125 2.7900031 1.1931125 0 P 0 N
A 2.8379724 1.1931102 2.8379724 1.1931102 2.83 1.1931102 0 P 0 N
A 2.8579674 0.7781052 2.8579674 0.7781052 2.849995 0.7781052 0 P 0 N
A 2.8637855 0.9406325 2.8637855 0.9406325 2.8558131 0.9406325 0 P 0 N
A 2.9327705 0.9798425 2.9327705 0.9798425 2.9247981 0.9798425 0 P 0 N
A 2.9379724 0.7781052 2.9379724 0.7781052 2.93 0.7781052 0 P 0 N
A 2.9479724 0.8981153 2.9479724 0.8981153 2.94 0.8981153 0 P 0 N
A 3.0033855 1.6675725 3.0033855 1.6675725 2.9954131 1.6675725 0 P 0 N
A 3.0079674 1.5481152 3.0079674 1.5481152 2.999995 1.5481152 0 P 0 N
L -0.0504896 1.1698699 -0.0504896 1.2682951 0 P 0
L -0.0504896 1.1698699 0.1266758 1.1698699 0 P 0
L -0.0504896 1.2682951 0.1266758 1.2682951 0 P 0
L -0.0719069 1.2877325 -0.0719069 1.4077325 0 P 0
L -0.0719069 1.2877325 0.1480931 1.2877325 0 P 0
L -0.0719069 1.4077325 0.1480931 1.4077325 0 P 0
L -0.1849396 1.4488181 -0.1849396 1.8582669 0 P 0
L -0.1849396 1.4488181 0.1693911 1.4488181 0 P 0
L -0.1849396 1.8582669 0.1693911 1.8582669 0 P 0
L 0.1266758 1.1698699 0.1266758 1.2682951 0 P 0
L 0.1480931 1.2877325 0.1480931 1.4077325 0 P 0
L 0.1693911 1.4488181 0.1693911 1.8582669 0 P 0
L 0.1915354 0.4327402 0.1915354 0.4752598 0 P 0
L 0.1915354 0.4327402 0.2584646 0.4327402 0 P 0
L 0.1915354 0.4752598 0.2584646 0.4752598 0 P 0
L 0.2143701 0.454 0.2356299 0.454 0 P 0
L 0.2157825 1.2528346 0.2157825 1.3433858 3 P 0
L 0.2157825 1.2528346 0.2157825 1.3433858 3 P 0
L 0.2157825 1.2528346 0.3142077 1.2528346 3 P 0
L 0.2157825 1.2528346 0.3142077 1.2528346 3 P 0
L 0.2157825 1.3433858 0.3142077 1.3433858 3 P 0
L 0.2157825 1.3433858 0.3142077 1.3433858 3 P 0
L 0.225 0.4433701 0.225 0.4646299 0 P 0
L 0.2453101 1.2981102 0.2846801 1.2981102 2 P 0
L 0.2584646 0.4327402 0.2584646 0.4752598 0 P 0
L 0.262797 1.4853044 0.262797 1.5955406 3 P 0
L 0.262797 1.4853044 0.262797 1.5955406 3 P 0
L 0.262797 1.4853044 0.3257892 1.4853044 3 P 0
L 0.262797 1.4853044 0.3257892 1.4853044 3 P 0
L 0.262797 1.5955406 0.3257892 1.5955406 3 P 0
L 0.262797 1.5955406 0.3257892 1.5955406 3 P 0
L 0.262797 1.7069144 0.262797 1.8171506 3 P 0
L 0.262797 1.7069144 0.262797 1.8171506 3 P 0
L 0.262797 1.7069144 0.3257892 1.7069144 3 P 0
L 0.262797 1.7069144 0.3257892 1.7069144 3 P 0
L 0.262797 1.8171506 0.3257892 1.8171506 3 P 0
L 0.262797 1.8171506 0.3257892 1.8171506 3 P 0
L 0.2649951 1.2784252 0.2649951 1.3177952 2 P 0
L 0.2692981 1.6289385 0.2692981 1.6840566 0 P 0
L 0.2692981 1.6289385 0.3192981 1.6289385 0 P 0
L 0.2692981 1.6840566 0.3192981 1.6840566 0 P 0
L 0.2730333 1.3692679 0.2730333 1.4361971 0 P 0
L 0.2730333 1.3692679 0.3155529 1.3692679 0 P 0
L 0.2730333 1.4361971 0.3155529 1.4361971 0 P 0
L 0.2746081 1.5404225 0.3139781 1.5404225 2 P 0
L 0.2746081 1.7620325 0.3139781 1.7620325 2 P 0
L 0.274613 1.6564976 0.3139831 1.6564976 2 P 0
L 0.2836632 1.4027325 0.304923 1.4027325 0 P 0
L 0.2942931 1.3921026 0.2942931 1.4133624 0 P 0
L 0.2942931 1.5207375 0.2942931 1.5601075 2 P 0
L 0.2942931 1.7423475 0.2942931 1.7817175 2 P 0
L 0.2942981 1.6368125 0.2942981 1.6761826 2 P 0
L 0.3142077 1.2528346 0.3142077 1.3433858 3 P 0
L 0.3142077 1.2528346 0.3142077 1.3433858 3 P 0
L 0.3155529 1.3692679 0.3155529 1.4361971 0 P 0
L 0.317301 1.3493889 0.317301 1.4320661 0 P 0
L 0.317301 1.3493889 0.4432852 1.3493889 0 P 0
L 0.317301 1.4320661 0.4432852 1.4320661 0 P 0
L 0.3192981 1.6289385 0.3192981 1.6840566 0 P 0
L 0.3257892 1.4853044 0.3257892 1.5955406 3 P 0
L 0.3257892 1.4853044 0.3257892 1.5955406 3 P 0
L 0.3257892 1.7069144 0.3257892 1.8171506 3 P 0
L 0.3257892 1.7069144 0.3257892 1.8171506 3 P 0
L 0.3357824 1.2528346 0.3357824 1.3433858 3 P 0
L 0.3357824 1.2528346 0.3357824 1.3433858 3 P 0
L 0.3357824 1.2528346 0.4342076 1.2528346 3 P 0
L 0.3357824 1.2528346 0.4342076 1.2528346 3 P 0
L 0.3357824 1.3433858 0.4342076 1.3433858 3 P 0
L 0.3357824 1.3433858 0.4342076 1.3433858 3 P 0
L 0.3615354 0.4268504 0.3615354 0.46937 0 P 0
L 0.3615354 0.4268504 0.4284646 0.4268504 0 P 0
L 0.3615354 0.46937 0.4284646 0.46937 0 P 0
L 0.36531 1.2981102 0.40468 1.2981102 2 P 0
L 0.3671385 1.5309227 0.3671385 1.5734423 0 P 0
L 0.3671385 1.5309227 0.4340677 1.5309227 0 P 0
L 0.3671385 1.5664627 0.3671385 1.6089823 0 P 0
L 0.3671385 1.5664627 0.4340677 1.5664627 0 P 0
L 0.3671385 1.5734423 0.4340677 1.5734423 0 P 0
L 0.3671385 1.6089823 0.4340677 1.6089823 0 P 0
L 0.3671385 1.6934727 0.3671385 1.7359923 0 P 0
L 0.3671385 1.6934727 0.4340677 1.6934727 0 P 0
L 0.3671385 1.7290127 0.3671385 1.7715323 0 P 0
L 0.3671385 1.7290127 0.4340677 1.7290127 0 P 0
L 0.3671385 1.7359923 0.4340677 1.7359923 0 P 0
L 0.3671385 1.7715323 0.4340677 1.7715323 0 P 0
L 0.3843701 0.4481102 0.4056299 0.4481102 0 P 0
L 0.384995 1.2784252 0.384995 1.3177952 2 P 0
L 0.3899732 1.5521825 0.411233 1.5521825 0 P 0
L 0.3899732 1.5877225 0.411233 1.5877225 0 P 0
L 0.3899732 1.7147325 0.411233 1.7147325 0 P 0
L 0.3899732 1.7502725 0.411233 1.7502725 0 P 0
L 0.395 0.4374803 0.395 0.4587401 0 P 0
L 0.4006031 1.5415526 0.4006031 1.5628124 0 P 0
L 0.4006031 1.5770926 0.4006031 1.5983524 0 P 0
L 0.4006031 1.7041026 0.4006031 1.7253624 0 P 0
L 0.4006031 1.7396426 0.4006031 1.7609024 0 P 0
L 0.4284646 0.4268504 0.4284646 0.46937 0 P 0
L 0.4340677 1.5309227 0.4340677 1.5734423 0 P 0
L 0.4340677 1.5664627 0.4340677 1.6089823 0 P 0
L 0.4340677 1.6934727 0.4340677 1.7359923 0 P 0
L 0.4340677 1.7290127 0.4340677 1.7715323 0 P 0
L 0.4342076 1.2528346 0.4342076 1.3433858 3 P 0
L 0.4342076 1.2528346 0.4342076 1.3433858 3 P 0
L 0.4432852 1.3493889 0.4432852 1.4320661 0 P 0
L 0.4655 1.3216102 0.4655 1.4146102 1 P 0
L 0.4655 1.3216102 0.495 1.3216102 1 P 0
L 0.4655 1.4146102 0.495 1.4146102 1 P 0
L 0.495 1.3106102 0.495 1.3216102 1 P 0
L 0.495 1.3106102 0.665 1.3106102 1 P 0
L 0.495 1.4146102 0.495 1.4256102 1 P 0
L 0.495 1.4256102 0.665 1.4256102 1 P 0
L 0.513436 1.5563003 0.513436 1.7610247 0 P 0
L 0.513436 1.5563003 0.6394202 1.5563003 0 P 0
L 0.513436 1.7610247 0.6394202 1.7610247 0 P 0
L 0.5150133 1.7623129 0.5150133 1.8292421 0 P 0
L 0.5150133 1.7623129 0.5575329 1.7623129 0 P 0
L 0.5150133 1.8292421 0.5575329 1.8292421 0 P 0
L 0.5256432 1.7957775 0.546903 1.7957775 0 P 0
L 0.5362731 1.7851476 0.5362731 1.8064074 0 P 0
L 0.5472933 1.4856929 0.5472933 1.5526221 0 P 0
L 0.5472933 1.4856929 0.5898129 1.4856929 0 P 0
L 0.5472933 1.5526221 0.5898129 1.5526221 0 P 0
L 0.5575329 1.7623129 0.5575329 1.8292421 0 P 0
L 0.5579232 1.5191575 0.579183 1.5191575 0 P 0
L 0.5685531 1.5085276 0.5685531 1.5297874 0 P 0
L 0.5787402 1.0834251 0.5787402 1.1227952 2 P 0
L 0.5787402 1.0834251 0.6712598 1.0834251 2 P 0
L 0.5787402 1.1227952 0.6712598 1.1227952 2 P 0
L 0.5787452 1.1534251 0.5787452 1.1927952 2 P 0
L 0.5787452 1.1534251 0.6712648 1.1534251 2 P 0
L 0.5787452 1.1927952 0.6712648 1.1927952 2 P 0
L 0.5815304 1.2568454 0.5815304 1.299365 0 P 0
L 0.5815304 1.2568454 0.6484596 1.2568454 0 P 0
L 0.5815304 1.299365 0.6484596 1.299365 0 P 0
L 0.5898129 1.4856929 0.5898129 1.5526221 0 P 0
L 0.6015403 1.2018504 0.6015403 1.24437 0 P 0
L 0.6015403 1.2018504 0.6684695 1.2018504 0 P 0
L 0.6015403 1.24437 0.6684695 1.24437 0 P 0
L 0.6015404 1.0168504 0.6015404 1.05937 0 P 0
L 0.6015404 1.0168504 0.6684696 1.0168504 0 P 0
L 0.6015404 1.05937 0.6684696 1.05937 0 P 0
L 0.6043651 1.2781052 0.6256249 1.2781052 0 P 0
L 0.6072834 1.1031102 0.6427166 1.1031102 2 P 0
L 0.6072884 1.1731102 0.6427216 1.1731102 2 P 0
L 0.614995 1.2674753 0.614995 1.2887351 0 P 0
L 0.6243751 1.0381102 0.6456349 1.0381102 0 P 0
L 0.6243751 1.2231102 0.6456349 1.2231102 0 P 0
L 0.625 1.0853936 0.625 1.1208268 2 P 0
L 0.625005 1.1553936 0.625005 1.1908268 2 P 0
L 0.6349033 1.7623029 0.6349033 1.8292321 0 P 0
L 0.6349033 1.7623029 0.6774229 1.7623029 0 P 0
L 0.6349033 1.8292321 0.6774229 1.8292321 0 P 0
L 0.635005 1.0274803 0.635005 1.0487401 0 P 0
L 0.635005 1.2124803 0.635005 1.2337401 0 P 0
L 0.6394202 1.5563003 0.6394202 1.7610247 0 P 0
L 0.6399033 1.5249729 0.6399033 1.5919021 0 P 0
L 0.6399033 1.5249729 0.6824229 1.5249729 0 P 0
L 0.6399033 1.5919021 0.6824229 1.5919021 0 P 0
L 0.6455332 1.7957675 0.666793 1.7957675 0 P 0
L 0.6484596 1.2568454 0.6484596 1.299365 0 P 0
L 0.6505332 1.5584375 0.671793 1.5584375 0 P 0
L 0.6561631 1.7851376 0.6561631 1.8063974 0 P 0
L 0.6611631 1.5478076 0.6611631 1.5690674 0 P 0
L 0.665 1.3106102 0.665 1.3216102 1 P 0
L 0.665 1.3216102 0.6945 1.3216102 1 P 0
L 0.665 1.4146102 0.665 1.4256102 1 P 0
L 0.665 1.4146102 0.6945 1.4146102 1 P 0
L 0.6684695 1.2018504 0.6684695 1.24437 0 P 0
L 0.6684696 1.0168504 0.6684696 1.05937 0 P 0
L 0.6712598 1.0834251 0.6712598 1.1227952 2 P 0
L 0.6712648 1.1534251 0.6712648 1.1927952 2 P 0
L 0.6774229 1.7623029 0.6774229 1.8292321 0 P 0
L 0.6824229 1.5249729 0.6824229 1.5919021 0 P 0
L 0.6911333 1.6327479 0.6911333 1.6996771 0 P 0
L 0.6911333 1.6327479 0.7336529 1.6327479 0 P 0
L 0.6911333 1.6996771 0.7336529 1.6996771 0 P 0
L 0.6945 1.3216102 0.6945 1.4146102 1 P 0
L 0.6990282 1.1542075 0.6990283 1.1935775 2 P 0
L 0.6990282 1.1542075 0.7915479 1.1542075 2 P 0
L 0.6990283 1.0830474 0.6990284 1.1224174 2 P 0
L 0.6990283 1.0830474 0.791548 1.0830474 2 P 0
L 0.6990283 1.1935775 0.7915478 1.1935774 2 P 0
L 0.6990284 1.1224174 0.7915479 1.1224175 2 P 0
L 0.7017632 1.6662125 0.723023 1.6662125 0 P 0
L 0.7098534 1.0179627 0.7098534 1.0604823 0 P 0
L 0.7098534 1.0179627 0.7767826 1.0179627 0 P 0
L 0.7098534 1.0604823 0.7767826 1.0604823 0 P 0
L 0.7118135 1.2026327 0.7118135 1.2451523 0 P 0
L 0.7118135 1.2026327 0.7787427 1.2026327 0 P 0
L 0.7118135 1.2451523 0.7787427 1.2451523 0 P 0
L 0.7123931 1.6555826 0.7123931 1.6768424 0 P 0
L 0.7275714 1.1027325 0.7630047 1.1027325 2 P 0
L 0.7275715 1.1738925 0.7630047 1.1738925 2 P 0
L 0.7281333 1.6327479 0.7281333 1.6996771 0 P 0
L 0.7281333 1.6327479 0.7706529 1.6327479 0 P 0
L 0.7281333 1.6996771 0.7706529 1.6996771 0 P 0
L 0.7326881 1.0392225 0.7539479 1.0392225 0 P 0
L 0.7336529 1.6327479 0.7336529 1.6996771 0 P 0
L 0.7346482 1.2238925 0.755908 1.2238925 0 P 0
L 0.7387632 1.6662125 0.760023 1.6662125 0 P 0
L 0.743318 1.0285926 0.743318 1.0498524 0 P 0
L 0.7452781 1.2132626 0.7452781 1.2345224 0 P 0
L 0.7452881 1.0850159 0.7452881 1.1204491 2 P 0
L 0.7452881 1.1561759 0.7452881 1.1916091 2 P 0
L 0.746316 1.2982814 0.746316 1.4006436 2 P 0
L 0.746316 1.2982814 0.8329302 1.2982814 2 P 0
L 0.746316 1.4006436 0.8329302 1.4006436 2 P 0
L 0.7493931 1.6555826 0.7493931 1.6768424 0 P 0
L 0.7706529 1.6327479 0.7706529 1.6996771 0 P 0
L 0.7767826 1.0179627 0.7767826 1.0604823 0 P 0
L 0.7787427 1.2026327 0.7787427 1.2451523 0 P 0
L 0.7915478 1.1935774 0.7915479 1.1542075 2 P 0
L 0.7915479 1.1224175 0.791548 1.0830474 2 P 0
L 0.8329302 1.2982814 0.8329302 1.4006436 2 P 0
L 1.0415748 1.9692126 1.0415748 2.1070078 0 P 0
L 1.0415748 1.9692126 1.2884252 1.9692126 0 P 0
L 1.0415748 2.1070078 1.2884252 2.1070078 0 P 0
L 1.2884252 1.9692126 1.2884252 2.1070078 0 P 0
L 1.3015304 1.9768504 1.3015304 2.01937 0 P 0
L 1.3015304 1.9768504 1.3684596 1.9768504 0 P 0
L 1.3015304 2.01937 1.3684596 2.01937 0 P 0
L 1.3015354 2.0568504 1.3015354 2.09937 0 P 0
L 1.3015354 2.0568504 1.3684646 2.0568504 0 P 0
L 1.3015354 2.09937 1.3684646 2.09937 0 P 0
L 1.3243651 1.9981102 1.3456249 1.9981102 0 P 0
L 1.32437 2.0781102 1.3456299 2.0781102 0 P 0
L 1.3244044 2.1608611 1.3244044 2.2953493 0 P 0
L 1.3244044 2.1608611 1.4155856 2.1608611 0 P 0
L 1.3244044 2.2953493 1.4155856 2.2953493 0 P 0
L 1.334995 1.9874803 1.334995 2.0087401 0 P 0
L 1.335 2.0674803 1.335 2.0887401 0 P 0
L 1.3684596 1.9768504 1.3684596 2.01937 0 P 0
L 1.3684646 2.0568504 1.3684646 2.09937 0 P 0
L 1.3787402 2.0896406 1.3787402 2.1565698 0 P 0
L 1.3787402 2.0896406 1.4212598 2.0896406 0 P 0
L 1.3787402 2.1565698 1.4212598 2.1565698 0 P 0
L 1.3893701 2.1231052 1.4106299 2.1231052 0 P 0
L 1.4 2.1124753 1.4 2.1337351 0 P 0
L 1.4155856 2.1608611 1.4155856 2.2953493 0 P 0
L 1.4212598 2.0896406 1.4212598 2.1565698 0 P 0
L 1.422 2.2331052 1.422 2.2831052 4 P 0
L 1.422 2.2331052 1.518 2.2331052 4 P 0
L 1.422 2.2831052 1.518 2.2831052 4 P 0
L 1.4367717 2.1337401 1.4367717 2.2124803 0 P 0
L 1.4367717 2.1337401 1.5332283 2.1337401 0 P 0
L 1.4367717 2.2124803 1.5332283 2.2124803 0 P 0
L 1.4665304 2.0468504 1.4665304 2.08937 0 P 0
L 1.4665304 2.0468504 1.5334596 2.0468504 0 P 0
L 1.4665304 2.0868404 1.4665304 2.12936 0 P 0
L 1.4665304 2.0868404 1.5334596 2.0868404 0 P 0
L 1.4665304 2.08937 1.5334596 2.08937 0 P 0
L 1.4665304 2.12936 1.5334596 2.12936 0 P 0
L 1.4893651 2.0681102 1.5106249 2.0681102 0 P 0
L 1.4893651 2.1081002 1.5106249 2.1081002 0 P 0
L 1.499995 2.0574803 1.499995 2.0787401 0 P 0
L 1.499995 2.0974703 1.499995 2.1187301 0 P 0
L 1.518 2.2331052 1.518 2.2831052 4 P 0
L 1.5332283 2.1337401 1.5332283 2.2124803 0 P 0
L 1.5334596 2.0468504 1.5334596 2.08937 0 P 0
L 1.5334596 2.0868404 1.5334596 2.12936 0 P 0
L 1.549995 2.1301002 1.549995 2.2261002 4 P 0
L 1.549995 2.1301002 1.599995 2.1301002 4 P 0
L 1.549995 2.2261002 1.599995 2.2261002 4 P 0
L 1.599995 2.1301002 1.599995 2.2261002 4 P 0
L 1.6087302 2.1546405 1.6087302 2.2215697 0 P 0
L 1.6087302 2.1546405 1.6512498 2.1546405 0 P 0
L 1.6087302 2.2215697 1.6512498 2.2215697 0 P 0
L 1.6193601 2.1881052 1.6406199 2.1881052 0 P 0
L 1.62999 2.1774753 1.62999 2.198735 0 P 0
L 1.6512498 2.1546405 1.6512498 2.2215697 0 P 0
L 1.6810633 0.6263729 1.6810633 0.6933021 0 P 0
L 1.6810633 0.6263729 1.7235829 0.6263729 0 P 0
L 1.6810633 0.6933021 1.7235829 0.6933021 0 P 0
L 1.6916932 0.6598375 1.712953 0.6598375 0 P 0
L 1.7023231 0.6492076 1.7023231 0.6704674 0 P 0
L 1.7235829 0.6263729 1.7235829 0.6933021 0 P 0
L 1.7910233 0.6263729 1.7910233 0.6933021 0 P 0
L 1.7910233 0.6263729 1.8335429 0.6263729 0 P 0
L 1.7910233 0.6933021 1.8335429 0.6933021 0 P 0
L 1.8016532 0.6598375 1.822913 0.6598375 0 P 0
L 1.8122831 0.6492076 1.8122831 0.6704674 0 P 0
L 1.8335429 0.6263729 1.8335429 0.6933021 0 P 0
L 1.9035433 0.6263729 1.9035433 0.6933021 0 P 0
L 1.9035433 0.6263729 1.9460629 0.6263729 0 P 0
L 1.9035433 0.6933021 1.9460629 0.6933021 0 P 0
L 1.9141732 0.6598375 1.935433 0.6598375 0 P 0
L 1.9248031 0.6492076 1.9248031 0.6704674 0 P 0
L 1.9460629 0.6263729 1.9460629 0.6933021 0 P 0
L 2.1478572 1.3619711 2.1478572 1.4792939 0 P 0
L 2.1478572 1.3619711 2.1895895 1.3619711 0 P 0
L 2.1478572 1.4792939 2.1895895 1.4792939 0 P 0
L 2.1624585 1.3043727 2.1624585 1.3468923 0 P 0
L 2.1624585 1.3043727 2.2293877 1.3043727 0 P 0
L 2.1624585 1.3468923 2.2293877 1.3468923 0 P 0
L 2.174742 1.5123255 2.174742 1.5989395 2 P 0
L 2.174742 1.5123255 2.2771042 1.5123255 2 P 0
L 2.174742 1.5989395 2.2771042 1.5989395 2 P 0
L 2.1852932 1.3256325 2.206553 1.3256325 0 P 0
L 2.1867535 0.9355227 2.1867535 0.9780423 0 P 0
L 2.1867535 0.9355227 2.2536827 0.9355227 0 P 0
L 2.1867535 0.9780423 2.2536827 0.9780423 0 P 0
L 2.1867535 1.0339527 2.1867535 1.0764723 0 P 0
L 2.1867535 1.0339527 2.2536827 1.0339527 0 P 0
L 2.1867535 1.0764723 2.2536827 1.0764723 0 P 0
L 2.1867535 1.1323727 2.1867535 1.1748923 0 P 0
L 2.1867535 1.1323727 2.2536827 1.1323727 0 P 0
L 2.1867535 1.1748923 2.2536827 1.1748923 0 P 0
L 2.1867535 1.2307827 2.1867535 1.2733023 0 P 0
L 2.1867535 1.2307827 2.2536827 1.2307827 0 P 0
L 2.1867535 1.2733023 2.2536827 1.2733023 0 P 0
L 2.1895895 1.3537034 2.1895895 1.3619711 0 P 0
L 2.1895895 1.3537034 2.2722667 1.3537034 0 P 0
L 2.1895895 1.4792939 2.1895895 1.4875616 0 P 0
L 2.1895895 1.4875616 2.2722667 1.4875616 0 P 0
L 2.1959231 1.3150026 2.1959231 1.3362624 0 P 0
L 2.1987402 0.6446406 2.1987402 0.7115698 0 P 0
L 2.1987402 0.6446406 2.2412598 0.6446406 0 P 0
L 2.1987402 0.7115698 2.2412598 0.7115698 0 P 0
L 2.2093701 0.6781052 2.2306299 0.6781052 0 P 0
L 2.2095882 0.9567825 2.230848 0.9567825 0 P 0
L 2.2095882 1.0552125 2.230848 1.0552125 0 P 0
L 2.2095882 1.1536325 2.230848 1.1536325 0 P 0
L 2.2095882 1.2520425 2.230848 1.2520425 0 P 0
L 2.22 0.6674753 2.22 0.6887351 0 P 0
L 2.2202181 0.9461526 2.2202181 0.9674124 0 P 0
L 2.2202181 1.0445826 2.2202181 1.0658424 0 P 0
L 2.2202181 1.1430026 2.2202181 1.1642624 0 P 0
L 2.2202181 1.2414126 2.2202181 1.2626724 0 P 0
L 2.2293877 1.3043727 2.2293877 1.3468923 0 P 0
L 2.2412598 0.6446406 2.2412598 0.7115698 0 P 0
L 2.2458685 0.5685827 2.2458685 0.6111023 0 P 0
L 2.2458685 0.5685827 2.3127977 0.5685827 0 P 0
L 2.2458685 0.6111023 2.3127977 0.6111023 0 P 0
L 2.2465185 0.6976327 2.2465185 0.7401523 0 P 0
L 2.2465185 0.6976327 2.3134477 0.6976327 0 P 0
L 2.2465185 0.7401523 2.3134477 0.7401523 0 P 0
L 2.2536827 0.9355227 2.2536827 0.9780423 0 P 0
L 2.2536827 1.0339527 2.2536827 1.0764723 0 P 0
L 2.2536827 1.1323727 2.2536827 1.1748923 0 P 0
L 2.2536827 1.2307827 2.2536827 1.2733023 0 P 0
L 2.2563331 0.6318425 2.2563331 0.6778425 1 P 0
L 2.2563331 0.6318425 2.3023331 0.6318425 1 P 0
L 2.2563331 0.6778425 2.3023331 0.6778425 1 P 0
L 2.2687032 0.5898425 2.289963 0.5898425 0 P 0
L 2.2693532 0.7188925 2.290613 0.7188925 0 P 0
L 2.2722667 1.3537034 2.2722667 1.3619711 0 P 0
L 2.2722667 1.3619711 2.313999 1.3619711 0 P 0
L 2.2722667 1.4792939 2.2722667 1.4875616 0 P 0
L 2.2722667 1.4792939 2.313999 1.4792939 0 P 0
L 2.2771042 1.5123255 2.2771042 1.5989395 2 P 0
L 2.2793331 0.5792126 2.2793331 0.6004724 0 P 0
L 2.2799831 0.7082626 2.2799831 0.7295224 0 P 0
L 2.2946633 1.5171679 2.2946633 1.5840971 0 P 0
L 2.2946633 1.5171679 2.3371829 1.5171679 0 P 0
L 2.2946633 1.5840971 2.3371829 1.5840971 0 P 0
L 2.3023331 0.6318425 2.3023331 0.6778425 1 P 0
L 2.3052932 1.5506325 2.326553 1.5506325 0 P 0
L 2.3127977 0.5685827 2.3127977 0.6111023 0 P 0
L 2.3134477 0.6976327 2.3134477 0.7401523 0 P 0
L 2.313999 1.3619711 2.313999 1.4792939 0 P 0
L 2.3159231 1.5400026 2.3159231 1.5612624 0 P 0
L 2.3291112 0.640667 2.3291112 0.8690134 2 P 0
L 2.3291112 0.640667 2.6086388 0.640667 2 P 0
L 2.3291112 0.8690134 2.6086388 0.8690134 2 P 0
L 2.3302462 0.443937 2.3302462 0.6722834 2 P 0
L 2.3302462 0.443937 2.6097738 0.443937 2 P 0
L 2.3302462 0.6722834 2.6097738 0.6722834 2 P 0
L 2.3371829 1.5171679 2.3371829 1.5840971 0 P 0
L 2.3387402 1.2096606 2.3387402 1.2765898 0 P 0
L 2.3387402 1.2096606 2.3812598 1.2096606 0 P 0
L 2.3387402 1.2765898 2.3812598 1.2765898 0 P 0
L 2.3396633 1.2971679 2.3396633 1.3640971 0 P 0
L 2.3396633 1.2971679 2.3821829 1.2971679 0 P 0
L 2.3396633 1.3640971 2.3821829 1.3640971 0 P 0
L 2.3396633 1.3871729 2.3396633 1.4541021 0 P 0
L 2.3396633 1.3871729 2.3821829 1.3871729 0 P 0
L 2.3396633 1.4541021 2.3821829 1.4541021 0 P 0
L 2.3396633 1.5171679 2.3396633 1.5840971 0 P 0
L 2.3396633 1.5171679 2.3821829 1.5171679 0 P 0
L 2.3396633 1.5840971 2.3821829 1.5840971 0 P 0
L 2.3396633 1.5971679 2.3396633 1.6640971 0 P 0
L 2.3396633 1.5971679 2.3821829 1.5971679 0 P 0
L 2.3396633 1.6640971 2.3821829 1.6640971 0 P 0
L 2.3396633 1.6752379 2.3396633 1.7421671 0 P 0
L 2.3396633 1.6752379 2.3821829 1.6752379 0 P 0
L 2.3396633 1.7421671 2.3821829 1.7421671 0 P 0
L 2.3493701 1.2431252 2.3706299 1.2431252 0 P 0
L 2.3502932 1.3306325 2.371553 1.3306325 0 P 0
L 2.3502932 1.4206375 2.371553 1.4206375 0 P 0
L 2.3502932 1.5506325 2.371553 1.5506325 0 P 0
L 2.3502932 1.6306325 2.371553 1.6306325 0 P 0
L 2.3502932 1.7087025 2.371553 1.7087025 0 P 0
L 2.36 1.2324953 2.36 1.2537551 0 P 0
L 2.3609231 1.3200026 2.3609231 1.3412624 0 P 0
L 2.3609231 1.4100076 2.3609231 1.4312674 0 P 0
L 2.3609231 1.5400026 2.3609231 1.5612624 0 P 0
L 2.3609231 1.6200026 2.3609231 1.6412624 0 P 0
L 2.3609231 1.6980726 2.3609231 1.7193324 0 P 0
L 2.3812598 1.2096606 2.3812598 1.2765898 0 P 0
L 2.3821829 1.2971679 2.3821829 1.3640971 0 P 0
L 2.3821829 1.3871729 2.3821829 1.4541021 0 P 0
L 2.3821829 1.5171679 2.3821829 1.5840971 0 P 0
L 2.3821829 1.5971679 2.3821829 1.6640971 0 P 0
L 2.3821829 1.6752379 2.3821829 1.7421671 0 P 0
L 2.409075 0.9615774 2.409075 1.0796876 0 P 0
L 2.409075 0.9615774 2.5586812 0.9615774 0 P 0
L 2.409075 1.0796876 2.5586812 1.0796876 0 P 0
L 2.4154185 0.9193727 2.4154185 0.9618923 0 P 0
L 2.4154185 0.9193727 2.4823477 0.9193727 0 P 0
L 2.4154185 0.9618923 2.4823477 0.9618923 0 P 0
L 2.4258935 1.1417984 2.4258935 1.2362866 0 P 0
L 2.4258935 1.1417984 2.5715627 1.1417984 0 P 0
L 2.4258935 1.2362866 2.5715627 1.2362866 0 P 0
L 2.4382532 0.9406325 2.459513 0.9406325 0 P 0
L 2.4488831 0.9300026 2.4488831 0.9512624 0 P 0
L 2.4823477 0.9193727 2.4823477 0.9618923 0 P 0
L 2.4873485 0.9193727 2.4873485 0.9618923 0 P 0
L 2.4873485 0.9193727 2.5542777 0.9193727 0 P 0
L 2.4873485 0.9618923 2.5542777 0.9618923 0 P 0
L 2.5101832 0.9406325 2.531443 0.9406325 0 P 0
L 2.5208131 0.9300026 2.5208131 0.9512624 0 P 0
L 2.5542777 0.9193727 2.5542777 0.9618923 0 P 0
L 2.5586812 0.9615774 2.5586812 1.0796876 0 P 0
L 2.5715627 1.1417984 2.5715627 1.2362866 0 P 0
L 2.5765354 0.9468454 2.5765354 0.989365 0 P 0
L 2.5765354 0.9468454 2.6434646 0.9468454 0 P 0
L 2.5765354 0.9868454 2.5765354 1.029365 0 P 0
L 2.5765354 0.9868454 2.6434646 0.9868454 0 P 0
L 2.5765354 0.989365 2.6434646 0.989365 0 P 0
L 2.5765354 1.029365 2.6434646 1.029365 0 P 0
L 2.5824585 1.1493727 2.5824585 1.1918923 0 P 0
L 2.5824585 1.1493727 2.6493877 1.1493727 0 P 0
L 2.5824585 1.1893727 2.5824585 1.2318923 0 P 0
L 2.5824585 1.1893727 2.6493877 1.1893727 0 P 0
L 2.5824585 1.1918923 2.6493877 1.1918923 0 P 0
L 2.5824585 1.2318923 2.6493877 1.2318923 0 P 0
L 2.5824635 1.0993727 2.5824635 1.1418923 0 P 0
L 2.5824635 1.0993727 2.6493927 1.0993727 0 P 0
L 2.5824635 1.1418923 2.6493927 1.1418923 0 P 0
L 2.5993701 0.9681052 2.6206299 0.9681052 0 P 0
L 2.5993701 1.0081052 2.6206299 1.0081052 0 P 0
L 2.6052932 1.1706325 2.626553 1.1706325 0 P 0
L 2.6052932 1.2106325 2.626553 1.2106325 0 P 0
L 2.6052982 1.1206325 2.626558 1.1206325 0 P 0
L 2.6074585 1.8143727 2.6074585 1.8568923 0 P 0
L 2.6074585 1.8143727 2.6743877 1.8143727 0 P 0
L 2.6074585 1.8568923 2.6743877 1.8568923 0 P 0
L 2.6086388 0.640667 2.6086388 0.8690134 2 P 0
L 2.6097738 0.443937 2.6097738 0.6722834 2 P 0
L 2.61 0.9574753 2.61 0.9787351 0 P 0
L 2.61 0.9974753 2.61 1.0187351 0 P 0
L 2.6159231 1.1600026 2.6159231 1.1812624 0 P 0
L 2.6159231 1.2000026 2.6159231 1.2212624 0 P 0
L 2.6159281 1.1100026 2.6159281 1.1312624 0 P 0
L 2.624725 0.7714552 2.624725 0.8224552 1 P 0
L 2.624725 0.7714552 2.675725 0.7714552 1 P 0
L 2.624725 0.8224552 2.675725 0.8224552 1 P 0
L 2.6302932 1.8356325 2.651553 1.8356325 0 P 0
L 2.6409231 1.8250026 2.6409231 1.8462624 0 P 0
L 2.6434646 0.9468454 2.6434646 0.989365 0 P 0
L 2.6434646 0.9868454 2.6434646 1.029365 0 P 0
L 2.6493877 1.1493727 2.6493877 1.1918923 0 P 0
L 2.6493877 1.1893727 2.6493877 1.2318923 0 P 0
L 2.6493927 1.0993727 2.6493927 1.1418923 0 P 0
L 2.6743877 1.8143727 2.6743877 1.8568923 0 P 0
L 2.675725 0.7714552 2.675725 0.8224552 1 P 0
L 2.6837433 0.9356429 2.6837433 1.0025721 0 P 0
L 2.6837433 0.9356429 2.7262629 0.9356429 0 P 0
L 2.6837433 1.0025721 2.7262629 1.0025721 0 P 0
L 2.6943732 0.9691075 2.715633 0.9691075 0 P 0
L 2.6974585 1.1493727 2.6974585 1.1918923 0 P 0
L 2.6974585 1.1493727 2.7643877 1.1493727 0 P 0
L 2.6974585 1.1893727 2.6974585 1.2318923 0 P 0
L 2.6974585 1.1893727 2.7643877 1.1893727 0 P 0
L 2.6974585 1.1918923 2.7643877 1.1918923 0 P 0
L 2.6974585 1.2318923 2.7643877 1.2318923 0 P 0
L 2.6974635 1.0993727 2.6974635 1.1418923 0 P 0
L 2.6974635 1.0993727 2.7643927 1.0993727 0 P 0
L 2.6974635 1.1418923 2.7643927 1.1418923 0 P 0
L 2.7050031 0.9584776 2.7050031 0.9797374 0 P 0
L 2.7202932 1.1706325 2.741553 1.1706325 0 P 0
L 2.7202932 1.2106325 2.741553 1.2106325 0 P 0
L 2.7202982 1.1206325 2.741558 1.1206325 0 P 0
L 2.7255 0.6516102 2.7255 0.7446102 1 P 0
L 2.7255 0.6516102 2.755 0.6516102 1 P 0
L 2.7255 0.7446102 2.755 0.7446102 1 P 0
L 2.7262629 0.9356429 2.7262629 1.0025721 0 P 0
L 2.7309231 1.1600026 2.7309231 1.1812624 0 P 0
L 2.7309231 1.2000026 2.7309231 1.2212624 0 P 0
L 2.7309281 1.1100026 2.7309281 1.1312624 0 P 0
L 2.7315405 0.7568504 2.7315405 0.79937 0 P 0
L 2.7315405 0.7568504 2.7984697 0.7568504 0 P 0
L 2.7315405 0.79937 2.7984697 0.79937 0 P 0
L 2.7368385 1.8143727 2.7368385 1.8568923 0 P 0
L 2.7368385 1.8143727 2.8037677 1.8143727 0 P 0
L 2.7368385 1.8568923 2.8037677 1.8568923 0 P 0
L 2.744075 0.9615774 2.744075 1.0796876 0 P 0
L 2.744075 0.9615774 2.8936812 0.9615774 0 P 0
L 2.744075 1.0796876 2.8936812 1.0796876 0 P 0
L 2.7485385 0.9178527 2.7485385 0.9603723 0 P 0
L 2.7485385 0.9178527 2.8154677 0.9178527 0 P 0
L 2.7485385 0.9603723 2.8154677 0.9603723 0 P 0
L 2.7543751 0.7781102 2.7756349 0.7781102 0 P 0
L 2.755 0.6406102 2.755 0.6516102 1 P 0
L 2.755 0.6406102 2.925 0.6406102 1 P 0
L 2.755 0.7446102 2.755 0.7556102 1 P 0
L 2.755 0.7556102 2.925 0.7556102 1 P 0
L 2.7596732 1.8356325 2.780933 1.8356325 0 P 0
L 2.7643877 1.1493727 2.7643877 1.1918923 0 P 0
L 2.7643877 1.1893727 2.7643877 1.2318923 0 P 0
L 2.7643927 1.0993727 2.7643927 1.1418923 0 P 0
L 2.765005 0.7674803 2.765005 0.7887401 0 P 0
L 2.7687433 1.1596479 2.7687433 1.2265771 0 P 0
L 2.7687433 1.1596479 2.8112629 1.1596479 0 P 0
L 2.7687433 1.2265771 2.8112629 1.2265771 0 P 0
L 2.7703031 1.8250026 2.7703031 1.8462624 0 P 0
L 2.7713732 0.9391125 2.792633 0.9391125 0 P 0
L 2.7793732 1.1931125 2.800633 1.1931125 0 P 0
L 2.7820031 0.9284826 2.7820031 0.9497424 0 P 0
L 2.7900031 1.1824826 2.7900031 1.2037424 0 P 0
L 2.7984697 0.7568504 2.7984697 0.79937 0 P 0
L 2.8037677 1.8143727 2.8037677 1.8568923 0 P 0
L 2.8087402 1.1596456 2.8087402 1.2265748 0 P 0
L 2.8087402 1.1596456 2.8512598 1.1596456 0 P 0
L 2.8087402 1.2265748 2.8512598 1.2265748 0 P 0
L 2.8112629 1.1596479 2.8112629 1.2265771 0 P 0
L 2.8154677 0.9178527 2.8154677 0.9603723 0 P 0
L 2.8165304 0.7568454 2.8165304 0.799365 0 P 0
L 2.8165304 0.7568454 2.8834596 0.7568454 0 P 0
L 2.8165304 0.799365 2.8834596 0.799365 0 P 0
L 2.8193701 1.1931102 2.8406299 1.1931102 0 P 0
L 2.8223485 0.9193727 2.8223485 0.9618923 0 P 0
L 2.8223485 0.9193727 2.8892777 0.9193727 0 P 0
L 2.8223485 0.9618923 2.8892777 0.9618923 0 P 0
L 2.83 0.8105512 2.83 0.8656693 0 P 0
L 2.83 0.8105512 2.8799999 0.8105512 0 P 0
L 2.83 0.8656693 2.88 0.8656692 0 P 0
L 2.83 1.1824802 2.83 1.2037401 0 P 0
L 2.8353149 0.8381103 2.874685 0.8381103 2 P 0
L 2.8393651 0.7781052 2.860625 0.7781052 0 P 0
L 2.8451832 0.9406325 2.866443 0.9406325 0 P 0
L 2.849995 0.7674753 2.849995 0.7887352 0 P 0
L 2.8512598 1.1596456 2.8512598 1.2265748 0 P 0
L 2.855 0.8184252 2.855 0.8577953 2 P 0
L 2.8558131 0.9300026 2.8558131 0.9512624 0 P 0
L 2.8799999 0.8105512 2.88 0.8656692 0 P 0
L 2.8834596 0.7568454 2.8834596 0.799365 0 P 0
L 2.8892777 0.9193727 2.8892777 0.9618923 0 P 0
L 2.8913335 0.9585827 2.8913335 1.0011023 0 P 0
L 2.8913335 0.9585827 2.9582627 0.9585827 0 P 0
L 2.8913335 1.0011023 2.9582627 1.0011023 0 P 0
L 2.8936812 0.9615774 2.8936812 1.0796876 0 P 0
L 2.8965354 0.7568454 2.8965354 0.799365 0 P 0
L 2.8965354 0.7568454 2.9634646 0.7568454 0 P 0
L 2.8965354 0.799365 2.9634646 0.799365 0 P 0
L 2.9141682 0.9798425 2.935428 0.9798425 0 P 0
L 2.9187402 0.8646507 2.9187402 0.9315799 0 P 0
L 2.9187402 0.8646507 2.9612598 0.8646507 0 P 0
L 2.9187402 0.9315799 2.9612598 0.9315799 0 P 0
L 2.9193701 0.7781052 2.9406299 0.7781052 0 P 0
L 2.9247981 0.9692126 2.9247981 0.9904724 0 P 0
L 2.925 0.6406102 2.925 0.6516102 1 P 0
L 2.925 0.6516102 2.9545 0.6516102 1 P 0
L 2.925 0.7446102 2.925 0.7556102 1 P 0
L 2.925 0.7446102 2.9545 0.7446102 1 P 0
L 2.9293701 0.8981153 2.9506299 0.8981153 0 P 0
L 2.93 0.7674753 2.9300001 0.7887351 0 P 0
L 2.94 0.8874854 2.94 0.9087451 0 P 0
L 2.9488175 1.1482677 2.9488175 1.5179527 2 P 0
L 2.9488175 1.1482677 3.6307072 1.1482677 2 P 0
L 2.9488175 1.5179527 3.6307072 1.5179527 2 P 0
L 2.9488175 1.7082677 2.9488175 2.0779527 2 P 0
L 2.9488175 1.7082677 3.6307072 1.7082677 2 P 0
L 2.9488175 2.0779527 3.6307072 2.0779527 2 P 0
L 2.9545 0.6516102 2.9545 0.7446102 1 P 0
L 2.9582627 0.9585827 2.9582627 1.0011023 0 P 0
L 2.9612598 0.8646507 2.9612598 0.9315799 0 P 0
L 2.9634646 0.7568454 2.9634646 0.799365 0 P 0
L 2.9741533 1.6341079 2.9741533 1.7010371 0 P 0
L 2.9741533 1.6341079 3.0166729 1.6341079 0 P 0
L 2.9741533 1.7010371 3.0166729 1.7010371 0 P 0
L 2.9787352 1.5146506 2.9787352 1.5815798 0 P 0
L 2.9787352 1.5146506 3.0212548 1.5146506 0 P 0
L 2.9787352 1.5815798 3.0212548 1.5815798 0 P 0
L 2.9847832 1.6675725 3.006043 1.6675725 0 P 0
L 2.9850326 0.6735314 2.9850326 1.072689 1 P 0
L 2.9850326 0.6735314 3.3167688 0.6735314 1 P 0
L 2.9850326 1.072689 3.3167688 1.072689 1 P 0
L 2.9893651 1.5481152 3.0106249 1.5481152 0 P 0
L 2.9954131 1.6569426 2.9954131 1.6782024 0 P 0
L 2.999995 1.5374853 2.999995 1.5587451 0 P 0
L 3.0166729 1.6341079 3.0166729 1.7010371 0 P 0
L 3.0212548 1.5146506 3.0212548 1.5815798 0 P 0
L 3.04 0.4922301 3.04 0.6122303 0 P 0
L 3.04 0.4922301 3.26 0.4922301 0 P 0
L 3.04 0.6122303 3.26 0.6122303 0 P 0
L 3.26 0.4922301 3.26 0.6122303 0 P 0
L 3.3167688 0.6735314 3.3167688 1.072689 1 P 0
L 3.6307072 1.1482677 3.6307072 1.5179527 2 P 0
L 3.6307072 1.7082677 3.6307072 2.0779527 2 P 0
